0 0.21901 0.706481 0.0598958 0.0537037 0.262059
0 0.0388021 0.174537 0.0411458 0.075 0.284922
0 0.0299479 0.872685 0.0473958 0.0768519 0.378364
0 0.21276 0.768519 0.0526042 0.0703704 0.393387
0 0.189063 0.648148 0.0916667 0.111111 0.430222
0 0.178906 0.890741 0.0442708 0.107407 0.517743
0 0.166406 0.340278 0.0484375 0.0935185 0.537803
0 0.03125 0.90463 0.0625 0.0981481 0.57853
0 0.189583 0.410648 0.0395833 0.0916667 0.590236
0 0.06875 0.574074 0.0614583 0.0685185 0.66407
0 0.0268229 0.514815 0.0536458 0.0851852 0.679194
