0 0.0104167 0.597222 0.0145833 0.0777778 0.294503
0 0.0119792 0.595833 0.0239583 0.112037 0.355212
0 0.0416667 0.742593 0.0770833 0.0759259 0.367969
0 0.548177 0.0902778 0.0848958 0.0787037 0.391318
0 0.427865 0.0787037 0.0817708 0.131481 0.496784
0 0.180208 0.407407 0.0645833 0.101852 0.608841
0 0.115625 0.412037 0.0552083 0.0833333 0.612386
0 0.389844 0.185648 0.0588542 0.178704 0.642063
0 0.564062 0.138426 0.0791667 0.0657407 0.667165
0 0.309115 0.166667 0.0536458 0.118519 0.683954
0 0.0942708 0.570833 0.0697917 0.130556 0.720163
