0 0.0789063 0.598148 0.0505208 0.0759259 0.300592
0 0.546354 0.0226852 0.0416667 0.0453704 0.303004
0 0.38125 0.468519 0.046875 0.116667 0.31454
0 0.475781 0.581019 0.0588542 0.115741 0.365131
0 0.0567708 0.582407 0.0604167 0.0925926 0.430043
0 0.365885 0.431019 0.0598958 0.134259 0.512097
0 0.0497396 0.207407 0.0421875 0.0944444 0.519131
0 0.233854 0.4375 0.0416667 0.119444 0.565056
0 0.111198 0.771296 0.0505208 0.0981481 0.584102
0 0.0861979 0.328241 0.0598958 0.100926 0.588952
0 0.171354 0.439815 0.0510417 0.112963 0.593196
0 0.314583 0.0597222 0.06875 0.119444 0.71066
0 0.376823 0.725463 0.0963542 0.186111 0.721808
