0 0.0127604 0.0675926 0.0255208 0.0444444 0.258616
0 0.472135 0.0356481 0.0276042 0.0601852 0.27384
0 0.601042 0.533333 0.0270833 0.0314815 0.275979
0 0.224479 0.232407 0.01875 0.037037 0.278437
0 0.0411458 0.609259 0.0270833 0.0444444 0.298385
0 0.00911458 0.0736111 0.0109375 0.0453704 0.328969
0 0.954687 0.256481 0.0666667 0.0833333 0.362265
0 0.311198 0.731944 0.0203125 0.0361111 0.36334
0 0.930729 0.0861111 0.0395833 0.0685185 0.482281
0 0.633073 0.0671296 0.0817708 0.110185 0.650595
0 0.635938 0.238889 0.0854167 0.0833333 0.730825
