0 0.293229 0.419907 0.0458333 0.075 0.251428
0 0.0523437 0.0902778 0.0734375 0.0861111 0.323524
0 0.564844 0.931481 0.0411458 0.0925926 0.338145
0 0.258333 0.332407 0.0583333 0.0611111 0.351883
0 0.629687 0.577778 0.0895833 0.0407407 0.359088
0 0.1 0.178241 0.0302083 0.0527778 0.363949
0 0.353385 0.377315 0.0328125 0.0638889 0.391614
0 0.0578125 0.967593 0.0583333 0.0555556 0.418066
0 0.28125 0.301852 0.0614583 0.0851852 0.454801
0 0.438281 0.448611 0.0328125 0.0453704 0.467598
0 0.216146 0.218981 0.0875 0.075 0.482798
0 0.633073 0.558796 0.0921875 0.0953704 0.500555
0 0.885938 0.796759 0.084375 0.102778 0.526844
0 0.126042 0.92963 0.04375 0.122222 0.533407
0 0.0361979 0.114815 0.0692708 0.0703704 0.587183
0 0.148698 0.872222 0.0671875 0.187037 0.597256
0 0.283594 0.440278 0.0515625 0.0787037 0.609705
0 0.18724 0.289815 0.0473958 0.062963 0.623877
0 0.0338542 0.735648 0.0677083 0.0898148 0.654368
0 0.365104 0.45 0.0645833 0.0685185 0.671864
