0 0.382031 0.149537 0.0598958 0.100926 0.272473
0 0.302083 0.0666667 0.0427083 0.112963 0.300776
0 0.48151 0.711111 0.0380208 0.118519 0.333156
0 0.527083 0.748148 0.0489583 0.0796296 0.384086
0 0.290365 0.0458333 0.0390625 0.0916667 0.416734
0 0.469531 0.739815 0.0442708 0.0962963 0.420728
0 0.347396 0.141204 0.04375 0.100926 0.468972
0 0.488542 0.52963 0.0489583 0.111111 0.569317
0 0.521354 0.368519 0.0354167 0.0814815 0.617122
0 0.264844 0.0907407 0.0442708 0.107407 0.633182
0 0.48151 0.2625 0.0473958 0.115741 0.650135
0 0.36224 0.275926 0.0453125 0.12963 0.712296
