0 0.0880208 0.751389 0.05 0.0638889 0.276913
0 0.152865 0.850926 0.0421875 0.0814815 0.318546
0 0.0742188 0.0296296 0.0473958 0.0592593 0.329681
0 0.0585938 0.597685 0.0421875 0.0842593 0.389052
0 0.680469 0.512037 0.0505208 0.0722222 0.410071
0 0.418229 0.500463 0.0489583 0.0768519 0.418816
0 0.498958 0.594444 0.0489583 0.0814815 0.474086
0 0.273958 0.486574 0.0572917 0.075 0.485347
0 0.583333 0.245833 0.0572917 0.0972222 0.490712
0 0.571875 0.599537 0.05625 0.0805556 0.492548
0 0.0367187 0.102778 0.0369792 0.0759259 0.555186
0 0.39349 0.377778 0.0442708 0.124074 0.558008
0 0.186719 0.623148 0.0463542 0.12037 0.603838
0 0.5125 0.115741 0.059375 0.112963 0.605648
0 0.653385 0.375926 0.0880208 0.0759259 0.650421
0 0.123958 0.125 0.059375 0.133333 0.707447
