0 0.28776 0.656944 0.0453125 0.0453704 0.263424
0 0.244792 0.568981 0.0895833 0.0898148 0.306375
0 0.257292 0.596296 0.0760417 0.0722222 0.339169
0 0.185417 0.957407 0.05 0.0555556 0.421692
0 0.0544271 0.790278 0.0526042 0.106481 0.427571
0 0.0671875 0.571759 0.0625 0.0638889 0.448705
0 0.15625 0.689352 0.0614583 0.115741 0.45021
0 0.171094 0.347685 0.0473958 0.0972222 0.466715
0 0.210938 0.772685 0.05 0.075 0.508732
0 0.189063 0.500926 0.05 0.112963 0.587214
0 0.0609375 0.85 0.0697917 0.105556 0.637092
0 0.178646 0.830556 0.0354167 0.0962963 0.648111
0 0.06875 0.445833 0.08125 0.121296 0.692556
