0 0.102344 0.0296296 0.0255208 0.0555556 0.277433
0 0.0617188 0.756481 0.0484375 0.087037 0.321958
0 0.0981771 0.293056 0.0546875 0.0787037 0.340914
0 0.0153646 0.0467593 0.0307292 0.0861111 0.355357
0 0.560677 0.57037 0.0484375 0.131481 0.384759
0 0.64974 0.125 0.0588542 0.138889 0.385646
0 0.19974 0.490741 0.0526042 0.101852 0.394595
0 0.460156 0.656482 0.0473958 0.0907407 0.400425
0 0.570052 0.494907 0.0380208 0.087963 0.414664
0 0.452083 0.65463 0.0270833 0.0685185 0.419212
0 0.0111979 0.0393519 0.0171875 0.0694444 0.426445
0 0.390104 0.621296 0.04375 0.0722222 0.47467
0 0.160156 0.1 0.0484375 0.0777778 0.496269
0 0.152344 0.388426 0.0536458 0.0842593 0.505807
0 0.740885 0.0680556 0.0505208 0.110185 0.515504
0 0.409896 0.406019 0.0583333 0.126852 0.587733
0 0.634635 0.769444 0.0473958 0.122222 0.607574
0 0.695052 0.557407 0.0463542 0.127778 0.657947
0 0.407031 0.739352 0.0307292 0.0842593 0.669344
0 0.669271 0.400926 0.0375 0.0851852 0.688026
0 0.257552 0.0490741 0.0536458 0.0981481 0.701609
