0 0.642448 0.753704 0.0421875 0.127778 0.255136
0 0.0135417 0.425463 0.0270833 0.126852 0.291613
0 0.426823 0.387037 0.0567708 0.109259 0.344836
0 0.621875 0.407407 0.059375 0.0722222 0.387043
0 0.972396 0.402778 0.0552083 0.116667 0.417063
0 0.213281 0.747685 0.0838542 0.0731481 0.445446
0 0.492708 0.484259 0.0458333 0.140741 0.445809
0 0.221354 0.703241 0.078125 0.121296 0.513242
0 0.427083 0.617593 0.040625 0.111111 0.520099
0 0.391667 0.451389 0.0416667 0.0657407 0.544405
0 0.114844 0.91713 0.0536458 0.0731481 0.550089
0 0.334375 0.468056 0.0708333 0.0953704 0.564105
