0 0.674479 0.952778 0.0604167 0.0833333 0.261361
0 0.172135 0.0222222 0.0484375 0.0444444 0.291801
0 0.040625 0.794444 0.0416667 0.0796296 0.297354
0 0.573177 0.368981 0.0442708 0.0916667 0.326378
0 0.453906 0.445833 0.0401042 0.075 0.367117
0 0.111458 0.0476852 0.0427083 0.0768519 0.438548
0 0.0760417 0.320833 0.0552083 0.0972222 0.477701
0 0.404948 0.05 0.0536458 0.1 0.493238
0 0.664583 0.448611 0.053125 0.0953704 0.494143
0 0.58776 0.353704 0.0390625 0.087037 0.513537
0 0.233073 0.0898148 0.0536458 0.107407 0.550691
0 0.414062 0.611574 0.0458333 0.0824074 0.595518
0 0.557031 0.394444 0.0328125 0.105556 0.630539
0 0.679948 0.0768519 0.0546875 0.0833333 0.670078
0 0.713281 0.201852 0.0432292 0.137037 0.730444
