0 0.0388021 0.0157407 0.0348958 0.0314815 0.251854
0 0.39401 0.814352 0.0546875 0.0287037 0.28682
0 0.403385 0.812963 0.0463542 0.0574074 0.314985
0 0.408333 0.791204 0.075 0.0675926 0.401888
0 0.373437 0.226852 0.0645833 0.0518519 0.504584
0 0.253646 0.55463 0.104167 0.0537037 0.547115
0 0.105729 0.427778 0.0541667 0.0740741 0.551068
0 0.0145833 0.226852 0.0291667 0.105556 0.580737
0 0.0919271 0.623611 0.0609375 0.087963 0.610538
0 0.195833 0.0356481 0.0489583 0.0712963 0.614776
0 0.335938 0.936111 0.0510417 0.0740741 0.617127
0 0.147396 0.0393519 0.0552083 0.0768519 0.623557
0 0.0304688 0.385648 0.0609375 0.0787037 0.627569
0 0.56276 0.788889 0.0713542 0.0907407 0.631182
0 0.0578125 0.176389 0.0520833 0.121296 0.638436
0 0.265625 0.234259 0.0489583 0.0833333 0.655706
0 0.317708 0.35787 0.08125 0.0583333 0.655928
0 0.138802 0.13287 0.0484375 0.136111 0.69094
0 0.344271 0.266204 0.08125 0.0712963 0.693244
0 0.0794271 0.0699074 0.0390625 0.0935185 0.718665
0 0.21901 0.192593 0.0557292 0.0722222 0.739871
