0 0.501562 0.446759 0.0458333 0.182407 0.278722
0 0.970052 0.344444 0.0598958 0.109259 0.279585
0 0.0473958 0.480556 0.06875 0.0518519 0.301466
0 0.967969 0.375 0.0640625 0.0611111 0.308971
0 0.295573 0.652778 0.0859375 0.0907407 0.309822
0 0.00677083 0.411574 0.0114583 0.0824074 0.321547
0 0.64401 0.708333 0.0432292 0.0777778 0.334377
0 0.447135 0.627315 0.0411458 0.112037 0.403086
0 0.173438 0.833796 0.053125 0.0842593 0.464628
0 0.116146 0.42037 0.0697917 0.0685185 0.514153
0 0.61901 0.334259 0.0609375 0.0944444 0.546847
0 0.0239583 0.510185 0.0458333 0.0425926 0.569
0 0.408333 0.384259 0.04375 0.0981481 0.577947
0 0.0580729 0.463889 0.0682292 0.0518519 0.619483
0 0.340104 0.393981 0.0708333 0.0990741 0.647077
