0 0.546354 0.412037 0.021875 0.0351852 0.276916
0 0.959635 0.462037 0.0171875 0.0314815 0.295932
0 0.886979 0.953704 0.14375 0.0925926 0.296741
0 0.321615 0.925 0.0203125 0.0333333 0.31379
0 0.0421875 0.956481 0.0208333 0.0407407 0.342678
0 0.464844 0.720833 0.0630208 0.10463 0.34394
0 0.227344 0.848148 0.0661458 0.062963 0.401026
0 0.870052 0.964815 0.0932292 0.0648148 0.403455
0 0.484115 0.710185 0.0692708 0.0703704 0.413031
0 0.169531 0.830093 0.0286458 0.037963 0.441702
0 0.359375 0.73287 0.0583333 0.14537 0.441962
0 0.391146 0.891667 0.0697917 0.0759259 0.549483
0 0.803385 0.59537 0.0703125 0.0888889 0.550819
0 0.735417 0.959722 0.0520833 0.0657407 0.556853
0 0.910677 0.918519 0.121354 0.0925926 0.57861
0 0.0903646 0.847222 0.0442708 0.0685185 0.580917
