0 0.229167 0.122222 0.059375 0.087037 0.254578
0 0.952604 0.406019 0.0260417 0.0453704 0.258316
0 0.75625 0.209259 0.0145833 0.0351852 0.274622
0 0.130469 0.0152778 0.0651042 0.0305556 0.28104
0 0.690104 0.0458333 0.0197917 0.0324074 0.293253
0 0.33776 0.8875 0.0223958 0.0361111 0.295555
0 0.833333 0.428241 0.021875 0.0398148 0.393362
0 0.952865 0.422685 0.0244792 0.0435185 0.401259
0 0.461979 0.381944 0.0802083 0.102778 0.418001
0 0.190365 0.307407 0.103646 0.0888889 0.422218
0 0.215365 0.0907407 0.0442708 0.0814815 0.424434
0 0.71875 0.512963 0.078125 0.0925926 0.461271
0 0.202865 0.136111 0.0421875 0.0703704 0.465737
0 0.842708 0.481019 0.0229167 0.0324074 0.508252
0 0.970312 0.572685 0.0354167 0.0527778 0.557736
0 0.86224 0.637963 0.0484375 0.0611111 0.584294
0 0.449479 0.424537 0.078125 0.0657407 0.608683
0 0.246875 0.0268519 0.0520833 0.0537037 0.664665
0 0.896094 0.539815 0.0359375 0.0685185 0.681508
