0 0.294531 0.738889 0.0588542 0.0722222 0.265872
0 0.121615 0.596296 0.0307292 0.087037 0.293461
0 0.0190104 0.375463 0.0380208 0.147222 0.435725
0 0.303906 0.847222 0.0380208 0.0592593 0.450038
0 0.131771 0.126389 0.040625 0.0675926 0.477394
0 0.12526 0.701389 0.0421875 0.125 0.538853
0 0.242969 0.67037 0.0473958 0.062963 0.562745
0 0.0854167 0.229167 0.0604167 0.110185 0.570779
0 0.115885 0.273611 0.0453125 0.0805556 0.612455
0 0.180729 0.593518 0.0395833 0.0962963 0.614772
0 0.253646 0.819907 0.0583333 0.117593 0.619557
0 0.0351562 0.603704 0.0484375 0.112963 0.628696
0 0.266927 0.511111 0.0421875 0.0796296 0.64926
0 0.08125 0.523611 0.0447917 0.0824074 0.667046
0 0.0645833 0.792593 0.0614583 0.103704 0.697831
