0 0.450781 0.0805556 0.0244792 0.0333333 0.251272
0 0.329948 0.248611 0.0588542 0.062037 0.286341
0 0.578906 0.950926 0.0213542 0.0351852 0.335515
0 0.188281 0.0175926 0.0453125 0.0351852 0.34816
0 0.840365 0.388889 0.0171875 0.0351852 0.397123
0 0.845833 0.601389 0.08125 0.0805556 0.418607
0 0.445312 0.351852 0.0802083 0.0925926 0.468585
0 0.435417 0.388426 0.0875 0.0768519 0.484802
0 0.85026 0.438426 0.0213542 0.0361111 0.509069
0 0.975521 0.527778 0.0260417 0.0444444 0.536067
0 0.900521 0.494444 0.0333333 0.0481481 0.568228
0 0.339583 0.0810185 0.0625 0.0805556 0.588786
0 0.246875 0.0902778 0.053125 0.0953704 0.592985
0 0.958854 0.69537 0.0427083 0.0685185 0.623597
0 0.558854 0.528241 0.0520833 0.141667 0.64182
0 0.0377604 0.0888889 0.0755208 0.0925926 0.692484
