0 0.00989583 0.7625 0.00833333 0.0657407 0.282142
0 0.0947917 0.757407 0.0677083 0.0666667 0.480619
0 0.0414063 0.125463 0.0755208 0.0694444 0.527731
0 0.0989583 0.369907 0.0552083 0.087963 0.544536
0 0.391146 0.687963 0.078125 0.0944444 0.589583
0 0.524479 0.755556 0.0614583 0.127778 0.593031
0 0.323438 0.087963 0.04375 0.0814815 0.595454
0 0.440104 0.161111 0.0916667 0.0666667 0.622653
0 0.0893229 0.0837963 0.0661458 0.0601852 0.625366
0 0.244792 0.0300926 0.059375 0.0601852 0.644734
0 0.465625 0.939815 0.104167 0.112963 0.647619
0 0.357552 0.223148 0.0723958 0.0851852 0.661474
0 0.139062 0.17963 0.05625 0.0833333 0.666852
0 0.222656 0.835185 0.0515625 0.0888889 0.671765
0 0.267188 0.371759 0.090625 0.125 0.679537
0 0.28125 0.785648 0.0479167 0.100926 0.67986
