0 0.148698 0.492593 0.0661458 0.114815 0.256762
0 0.195573 0.525926 0.0776042 0.12963 0.283107
0 0.292188 0.968982 0.0520833 0.062037 0.35252
0 0.0145833 0.644907 0.0291667 0.128704 0.531561
0 0.0630208 0.522222 0.0625 0.0777778 0.560402
0 0.215625 0.5125 0.06875 0.189815 0.650229
0 0.103646 0.625926 0.0739583 0.118519 0.654275
0 0.221615 0.337037 0.0619792 0.109259 0.6624
0 0.160938 0.525463 0.0614583 0.147222 0.670717
0 0.476302 0.0726852 0.0755208 0.139815 0.695849
0 0.404687 0.216204 0.078125 0.189815 0.733953
