0 0.897656 0.340741 0.0682292 0.0685185 0.260191
0 0.243229 0.359259 0.06875 0.1 0.264586
0 0.367448 0.478704 0.0963542 0.101852 0.266064
0 0.41849 0.46713 0.0786458 0.0675926 0.280827
0 0.426823 0.436574 0.0828125 0.0675926 0.312093
0 0.0239583 0.757407 0.0479167 0.05 0.336857
0 0.294271 0.476852 0.165625 0.087037 0.348074
0 0.426562 0.401389 0.065625 0.0787037 0.361999
0 0.428646 0.450926 0.0625 0.0444444 0.437988
0 0.657812 0.727315 0.0458333 0.0953704 0.466346
0 0.0309896 0.701852 0.0619792 0.103704 0.528145
0 0.0302083 0.745833 0.0604167 0.0824074 0.531937
0 0.613802 0.363889 0.0567708 0.0740741 0.550678
0 0.326302 0.471296 0.0682292 0.0944444 0.558332
0 0.379948 0.486111 0.0505208 0.0796296 0.60033
