0 0.304167 0.0564815 0.0479167 0.0740741 0.268498
0 0.767969 0.603241 0.0776042 0.0787037 0.281385
0 0.37526 0.229167 0.0317708 0.0398148 0.314429
0 0.842448 0.478241 0.0203125 0.0416667 0.333164
0 0.192708 0.0638889 0.05625 0.0703704 0.336433
0 0.0132813 0.107407 0.0265625 0.062963 0.351254
0 0.142188 0.0305556 0.021875 0.0481481 0.394998
0 0.263542 0.233796 0.0520833 0.0583333 0.436829
0 0.516927 0.440741 0.0744792 0.107407 0.442131
0 0.01875 0.0875 0.0375 0.0787037 0.473803
0 0.252604 0.149074 0.0739583 0.087037 0.474788
0 0.338281 0.396759 0.0713542 0.0546296 0.477164
0 0.970312 0.566204 0.025 0.0583333 0.482336
0 0.0643229 0.0185185 0.0390625 0.037037 0.526257
0 0.907812 0.686574 0.0416667 0.0694444 0.540843
0 0.89375 0.534259 0.0302083 0.0592593 0.567463
0 0.776042 0.570833 0.0802083 0.123148 0.583393
0 0.292188 0.074537 0.0645833 0.0768519 0.624058
0 0.180469 0.0851852 0.0546875 0.062963 0.63993
0 0.50651 0.496296 0.0640625 0.0777778 0.647675
