0 0.1875 0.5 0.0697917 0.114815 0.251193
0 0.152604 0.870833 0.0760417 0.0953704 0.277656
0 0.185417 0.64213 0.0520833 0.102778 0.302298
0 0.383073 0.381019 0.0588542 0.0657407 0.303637
0 0.1375 0.82963 0.0614583 0.1 0.307741
0 0.171875 0.171759 0.0583333 0.113889 0.325934
0 0.239844 0.867593 0.0442708 0.062963 0.33629
0 0.220052 0.795833 0.0484375 0.0731481 0.465153
0 0.210938 0.661574 0.0447917 0.0731481 0.476219
0 0.16849 0.220833 0.0494792 0.10463 0.501105
0 0.0924479 0.603704 0.0546875 0.0925926 0.543327
0 0.0828125 0.426389 0.0614583 0.0805556 0.54732
0 0.0161458 0.577778 0.0322917 0.12037 0.576507
0 0.0890625 0.665278 0.0635417 0.10463 0.577061
0 0.168229 0.618056 0.0479167 0.113889 0.591936
0 0.16276 0.871759 0.0484375 0.0657407 0.599105
0 0.0226563 0.309722 0.0453125 0.147222 0.630911
0 0.10599 0.233796 0.0703125 0.106481 0.643485
0 0.26224 0.478241 0.0713542 0.0898148 0.740898
