0 0.15026 0.69213 0.0921875 0.0953704 0.266654
0 0.445052 0.448148 0.0880208 0.087037 0.275956
0 0.133594 0.485185 0.0244792 0.037037 0.302425
0 0.951042 0.399537 0.0979167 0.0805556 0.340246
0 0.0328125 0.443981 0.065625 0.0768519 0.346944
0 0.440885 0.477778 0.0953125 0.0685185 0.429184
0 0.646094 0.749537 0.0380208 0.125 0.433174
0 0.153125 0.657407 0.0770833 0.087037 0.475625
0 0.332292 0.468519 0.0729167 0.0962963 0.49884
0 0.615885 0.404167 0.0671875 0.106481 0.533614
0 0.0302083 0.490741 0.05625 0.0555556 0.553214
0 0.397917 0.37037 0.0760417 0.0981481 0.585721
0 0.413542 0.565741 0.040625 0.0925926 0.637272
0 0.139062 0.716204 0.0729167 0.0583333 0.697285
