0 0.0393229 0.0268519 0.0276042 0.0537037 0.279259
0 0.589583 0.0810185 0.0385417 0.113889 0.280948
0 0.586719 0.755556 0.0848958 0.12037 0.386225
0 0.463542 0.27963 0.040625 0.1 0.438109
0 0.0497396 0.436574 0.0328125 0.0898148 0.51174
0 0.0822917 0.483796 0.05 0.0675926 0.527478
0 0.0981771 0.486111 0.0265625 0.0685185 0.53723
0 0.490365 0.316667 0.0390625 0.0925926 0.543999
0 0.708594 0.0824074 0.0526042 0.12037 0.65339
0 0.388281 0.393981 0.0505208 0.102778 0.674007
0 0.604948 0.211574 0.0401042 0.0898148 0.675311
0 0.01875 0.42963 0.03125 0.0833333 0.717515
