0 0.0684896 0.413426 0.0484375 0.0638889 0.25242
0 0.113802 0.678241 0.0380208 0.0898148 0.262793
0 0.433073 0.520833 0.0442708 0.0768519 0.283267
0 0.69375 0.789352 0.0458333 0.112037 0.325233
0 0.61875 0.087037 0.0614583 0.109259 0.363043
0 0.432031 0.42963 0.0484375 0.144444 0.410853
0 0.0802083 0.517593 0.0291667 0.0777778 0.443793
0 0.0252604 0.208796 0.0494792 0.123148 0.4807
0 0.0880208 0.399537 0.0802083 0.0583333 0.490142
0 0.349219 0.425926 0.0640625 0.0666667 0.490581
0 0.188021 0.546296 0.05 0.114815 0.512354
0 0.389062 0.136111 0.0458333 0.0759259 0.539366
0 0.6 0.743056 0.0572917 0.102778 0.540795
0 0.501562 0.577315 0.0708333 0.0768519 0.573285
0 0.623177 0.388426 0.0567708 0.110185 0.57462
0 0.235938 0.0587963 0.0479167 0.117593 0.578927
0 0.713802 0.0453704 0.0494792 0.0907407 0.587175
0 0.559375 0.223148 0.0447917 0.0796296 0.587714
0 0.706771 0.526852 0.0552083 0.138889 0.617387
0 0.661198 0.202315 0.0473958 0.0842593 0.652748
