0 0.683854 0.418056 0.0395833 0.0546296 0.258541
0 0.295833 0.476852 0.18125 0.101852 0.271847
0 0.0885417 0.69537 0.1 0.0962963 0.27698
0 0.431771 0.423148 0.0552083 0.062963 0.27896
0 0.409896 0.486111 0.071875 0.0759259 0.311343
0 0.0890625 0.669444 0.0802083 0.0759259 0.362249
0 0.0888021 0.7375 0.0713542 0.0583333 0.389909
0 0.358854 0.430556 0.0447917 0.0648148 0.395805
0 0.433073 0.441204 0.0807292 0.0787037 0.439394
0 0.433594 0.468519 0.0734375 0.0592593 0.490312
0 0.655208 0.764352 0.040625 0.0638889 0.509252
0 0.904427 0.387963 0.0786458 0.062963 0.50961
0 0.329688 0.333333 0.075 0.101852 0.509895
0 0.395052 0.505556 0.0421875 0.0888889 0.618909
0 0.611719 0.390741 0.0640625 0.0981481 0.620181
0 0.328125 0.476852 0.0729167 0.103704 0.63638
