0 0.141927 0.0222222 0.0557292 0.0444444 0.25273
0 0.0328125 0.933796 0.05 0.0453704 0.25459
0 0.193229 0.893981 0.0375 0.0712963 0.270994
0 0.0450521 0.918981 0.0338542 0.0675926 0.291884
0 0.0302083 0.943981 0.0291667 0.0398148 0.354999
0 0.115885 0.949537 0.0192708 0.0287037 0.355066
0 0.0244792 0.521296 0.0489583 0.118519 0.36124
0 0.164844 0.538426 0.0546875 0.0842593 0.405491
0 0.559896 0.826852 0.04375 0.103704 0.468409
0 0.167187 0.0949074 0.0489583 0.0583333 0.484107
0 0.252083 0.822685 0.0583333 0.0805556 0.486843
0 0.191927 0.915278 0.0515625 0.0898148 0.489042
0 0.290104 0.0532407 0.0895833 0.0657407 0.489375
0 0.397917 0.275 0.0677083 0.12963 0.54272
0 0.547135 0.453704 0.0578125 0.12037 0.55202
0 0.419792 0.6625 0.0520833 0.125 0.566601
0 0.20625 0.0569444 0.08125 0.0712963 0.572034
0 0.509896 0.585648 0.059375 0.162037 0.584081
0 0.315885 0.556944 0.0651042 0.115741 0.625862
0 0.644271 0.515278 0.0791667 0.0712963 0.642342
0 0.945312 0.880093 0.0822917 0.125 0.656613
0 0.452865 0.356481 0.0557292 0.0796296 0.658981
