0 0.469531 0.184722 0.0609375 0.123148 0.293018
0 0.636979 0.694444 0.0510417 0.0833333 0.294897
0 0.230208 0.625926 0.0541667 0.0833333 0.318266
0 0.0424479 0.165741 0.0557292 0.105556 0.369387
0 0.352083 0.481481 0.0458333 0.124074 0.424724
0 0.0546875 0.188426 0.06875 0.165741 0.452403
0 0.148958 0.717593 0.0427083 0.116667 0.467105
0 0.0223958 0.735648 0.0447917 0.0657407 0.528979
0 0.472917 0.819444 0.0447917 0.0777778 0.535184
0 0.384115 0.639352 0.0463542 0.087963 0.562152
0 0.502344 0.30787 0.0630208 0.0694444 0.619636
0 0.505729 0.697222 0.0572917 0.127778 0.621077
0 0.5625 0.465741 0.0583333 0.107407 0.674713
0 0.632812 0.591667 0.0802083 0.0962963 0.677998
