0 0.0164062 0.213889 0.0328125 0.0962963 0.252339
0 0.215104 0.578241 0.0552083 0.0990741 0.260482
0 0.675781 0.964815 0.0359375 0.0703704 0.264835
0 0.0960938 0.449537 0.0515625 0.075 0.279744
0 0.00625 0.211574 0.0125 0.0787037 0.32055
0 0.0651042 0.918056 0.0270833 0.0805556 0.352175
0 0.583854 0.581481 0.0541667 0.111111 0.361027
0 0.101562 0.641667 0.0385417 0.0796296 0.361475
0 0.107031 0.166667 0.0234375 0.0574074 0.428337
0 0.184635 0.5875 0.0411458 0.110185 0.481429
0 0.46224 0.628704 0.0421875 0.0685185 0.491677
0 0.53724 0.440278 0.0463542 0.075 0.499342
0 0.423177 0.514815 0.0484375 0.112963 0.508504
0 0.384115 0.575463 0.0369792 0.0675926 0.529978
0 0.172917 0.18287 0.0302083 0.0787037 0.559728
0 0.147135 0.393981 0.0703125 0.0805556 0.570892
0 0.414062 0.655556 0.0427083 0.0740741 0.587828
0 0.669792 0.438889 0.0489583 0.0851852 0.609517
0 0.751562 0.167593 0.0583333 0.125926 0.634343
0 0.0442708 0.207407 0.0375 0.0981481 0.642338
0 0.260938 0.118981 0.0416667 0.125 0.642983
0 0.702865 0.660648 0.0536458 0.119444 0.643005
0 0.607031 0.877778 0.0494792 0.109259 0.730163
