0 0.32526 0.70463 0.0567708 0.0648148 0.306208
0 0.00989583 0.216204 0.0125 0.121296 0.346241
0 0.0994792 0.950463 0.059375 0.0527778 0.387586
0 0.315365 0.643519 0.0661458 0.124074 0.414211
0 0.0135417 0.219444 0.0270833 0.118519 0.455142
0 0.335677 0.611111 0.0921875 0.146296 0.470166
0 0.0148437 0.575463 0.0296875 0.10463 0.545749
0 0.132292 0.435185 0.0364583 0.0759259 0.568307
0 0.25026 0.456019 0.0505208 0.0787037 0.587552
0 0.209896 0.911574 0.0760417 0.106481 0.589498
0 0.213021 0.281944 0.0489583 0.130556 0.610255
0 0.108333 0.747222 0.0572917 0.0759259 0.632481
0 0.265104 0.564352 0.046875 0.0916667 0.637026
0 0.0169271 0.772222 0.0338542 0.087037 0.648963
0 0.0398437 0.428241 0.0546875 0.152778 0.651795
0 0.184115 0.418056 0.0421875 0.0898148 0.678867
0 0.0919271 0.192593 0.0557292 0.062963 0.681224
0 0.078125 0.0824074 0.0541667 0.12963 0.706868
0 0.0895833 0.47037 0.040625 0.0759259 0.741431
0 0.138281 0.557407 0.0463542 0.135185 0.75341
