0 0.313281 0.80787 0.0588542 0.0527778 0.343828
0 0.149479 0.832407 0.298958 0.335185 0.344954
0 0.291146 0.625 0.01875 0.0333333 0.374527
0 0.236979 0.403704 0.0354167 0.05 0.378698
0 0.158594 0.234259 0.0494792 0.0722222 0.399638
0 0.642708 0.947685 0.0333333 0.0768519 0.419045
0 0.371094 0.746296 0.0453125 0.0833333 0.483947
0 0.0299479 0.0935185 0.0536458 0.0907407 0.486224
0 0.408594 0.652315 0.0296875 0.0509259 0.499138
0 0.465885 0.481944 0.0442708 0.062037 0.543893
0 0.630469 0.956019 0.0463542 0.0712963 0.548259
0 0.245573 0.313426 0.0317708 0.0694444 0.55119
0 0.317187 0.575463 0.034375 0.0638889 0.552841
0 0.727344 0.953241 0.0348958 0.0583333 0.553321
0 0.764323 0.718056 0.0484375 0.0787037 0.576593
0 0.355729 0.318056 0.0479167 0.0805556 0.606699
0 0.483333 0.668056 0.0416667 0.0638889 0.635053
