0 0.819271 0.714815 0.040625 0.0444444 0.26135
0 0.492708 0.986111 0.0322917 0.0277778 0.281519
0 0.911979 0.9875 0.03125 0.025 0.286507
0 0.55625 0.900463 0.053125 0.0935185 0.310141
0 0.645573 0.929167 0.0432292 0.0583333 0.328139
0 0.286719 0.724537 0.0223958 0.0342593 0.339558
0 0.55 0.911111 0.0291667 0.0759259 0.341218
0 0.677083 0.685648 0.03125 0.0527778 0.391419
0 0.66224 0.705093 0.0453125 0.0546296 0.417963
0 0.791406 0.909722 0.0328125 0.037963 0.438896
0 0.35 0.869444 0.0375 0.0481481 0.462936
0 0.169792 0.588889 0.0322917 0.0444444 0.464421
0 0.292188 0.663426 0.0333333 0.0527778 0.470852
0 0.154427 0.490278 0.0390625 0.0527778 0.472773
0 0.400521 0.448148 0.0458333 0.0648148 0.478149
0 0.252083 0.396296 0.0375 0.062963 0.510302
0 0.717708 0.917593 0.028125 0.0518519 0.518351
0 0.611198 0.867593 0.0380208 0.0444444 0.519132
0 0.828906 0.88287 0.0203125 0.0324074 0.540671
0 0.57474 0.870833 0.0473958 0.0675926 0.554393
0 0.659896 0.926389 0.0333333 0.0509259 0.561853
0 0.741667 0.754167 0.0270833 0.0564815 0.590025
0 0.464583 0.595833 0.0385417 0.0675926 0.60869
0 0.747656 0.618519 0.0348958 0.0666667 0.648554
0 0.714844 0.394907 0.0421875 0.0842593 0.659681
