0 0.405208 0.281944 0.034375 0.075 0.257485
0 0.706771 0.0416667 0.046875 0.0833333 0.2738
0 0.0940104 0.279167 0.0432292 0.0638889 0.398445
0 0.307031 0.952778 0.0307292 0.0611111 0.405779
0 0.140365 0.884722 0.280729 0.230556 0.420695
0 0.403125 0.168056 0.01875 0.0453704 0.43784
0 0.329948 0.870833 0.0203125 0.0342593 0.486303
0 0.791406 0.0555556 0.0723958 0.111111 0.527919
0 0.398177 0.259722 0.0453125 0.0972222 0.52857
0 0.310937 0.403704 0.0416667 0.0722222 0.547144
0 0.528385 0.881019 0.0380208 0.075 0.562759
0 0.366927 0.844444 0.0234375 0.0611111 0.563899
0 0.230729 0.163889 0.053125 0.0796296 0.589103
0 0.339844 0.618981 0.0213542 0.0398148 0.589853
0 0.370573 0.546296 0.0286458 0.0666667 0.592744
0 0.465365 0.639352 0.0463542 0.075 0.615563
