0 0.58724 0.150463 0.0390625 0.0453704 0.251403
0 0.433594 0.217593 0.0401042 0.0814815 0.285775
0 0.711198 0.486574 0.0453125 0.0416667 0.3036
0 0.586719 0.528241 0.0307292 0.0546296 0.375455
0 0.807813 0.689352 0.0260417 0.0324074 0.379548
0 0.635938 0.72963 0.0489583 0.0462963 0.403737
0 0.677344 0.456944 0.0213542 0.0361111 0.403984
0 0.763281 0.123611 0.0536458 0.0546296 0.414426
0 0.572656 0.370833 0.0390625 0.0509259 0.415242
0 0.583594 0.150926 0.0223958 0.0314815 0.436793
0 0.56224 0.415278 0.0390625 0.0416667 0.440167
0 0.624479 0.0513889 0.0385417 0.0398148 0.458408
0 0.639583 0.226389 0.034375 0.0453704 0.470319
0 0.483854 0.537037 0.0520833 0.0611111 0.506126
0 0.684635 0.243519 0.0317708 0.0407407 0.534292
0 0.407292 0.215741 0.0729167 0.0777778 0.545302
0 0.69349 0.1625 0.0307292 0.0453704 0.562507
0 0.630729 0.529167 0.0322917 0.0916667 0.591312
