0 0.47474 0.903704 0.0317708 0.0611111 0.2523
0 0.522656 0.522685 0.0296875 0.0527778 0.263671
0 0.68151 0.956481 0.0432292 0.0388889 0.267099
0 0.0315104 0.18287 0.0463542 0.0675926 0.275576
0 0.565885 0.686111 0.0276042 0.0351852 0.286221
0 0.463802 0.556944 0.0328125 0.0398148 0.312507
0 0.757552 0.71713 0.0213542 0.0361111 0.322543
0 0.760677 0.504167 0.0348958 0.0416667 0.328426
0 0.669792 0.703704 0.034375 0.0351852 0.331375
0 0.435417 0.909722 0.0447917 0.0694444 0.374726
0 0.48125 0.600463 0.034375 0.0546296 0.382369
0 0.266927 0.310185 0.0432292 0.0537037 0.3827
0 0.619531 0.537037 0.0317708 0.05 0.389862
0 0.640365 0.310185 0.0223958 0.0425926 0.397581
0 0.628906 0.323611 0.0421875 0.0416667 0.40082
0 0.883073 0.569444 0.0401042 0.0388889 0.420763
0 0.222656 0.0638889 0.0421875 0.062963 0.42102
0 0.577344 0.534722 0.0192708 0.037963 0.424415
0 0.690885 0.893981 0.0421875 0.0546296 0.459137
0 0.129427 0.156944 0.0369792 0.0583333 0.472238
0 0.530208 0.634259 0.0208333 0.0388889 0.487559
0 0.783854 0.314352 0.0447917 0.0509259 0.50113
0 0.579687 0.47963 0.0302083 0.0407407 0.518801
0 0.570312 0.596759 0.0302083 0.0287037 0.519159
0 0.547396 0.478704 0.040625 0.0518519 0.531914
0 0.710677 0.234259 0.0328125 0.05 0.53588
0 0.731771 0.897222 0.0354167 0.0388889 0.536639
0 0.742448 0.814352 0.0380208 0.0342593 0.540146
0 0.792188 0.475463 0.0229167 0.0472222 0.562343
0 0.36224 0.474537 0.0578125 0.062037 0.564655
0 0.689844 0.514352 0.0307292 0.0490741 0.566824
0 0.807813 0.760185 0.0416667 0.05 0.567308
0 0.628385 0.530093 0.0265625 0.0509259 0.583898
0 0.707292 0.361574 0.03125 0.0490741 0.59198
0 0.431771 0.235185 0.04375 0.0666667 0.611755
0 0.36849 0.0935185 0.0442708 0.0555556 0.644013
