0 0.26276 0.221296 0.0473958 0.0611111 0.250446
0 0.333333 0.0638889 0.05 0.0888889 0.262734
0 0.129948 0.798148 0.259896 0.403704 0.279713
0 0.395312 0.810185 0.01875 0.0444444 0.293085
0 0.422656 0.837963 0.0223958 0.0574074 0.316635
0 0.302344 0.428704 0.0203125 0.0388889 0.419484
0 0.0408854 0.151389 0.0317708 0.0527778 0.42652
0 0.284635 0.780556 0.0369792 0.0685185 0.432555
0 0.315104 0.668056 0.0208333 0.0416667 0.458884
0 0.296615 0.863426 0.0505208 0.0638889 0.461325
0 0.367188 0.836111 0.0395833 0.0888889 0.471679
0 0.43125 0.414815 0.0385417 0.0685185 0.508125
0 0.414844 0.766204 0.0203125 0.0398148 0.522832
0 0.505729 0.63287 0.040625 0.0657407 0.562656
0 0.346615 0.637963 0.0317708 0.0777778 0.563098
0 0.33151 0.34537 0.0338542 0.0648148 0.563106
0 0.739583 0.657407 0.0458333 0.0814815 0.59638
0 0.485938 0.831019 0.04375 0.062037 0.620147
