0 0.805208 0.467593 0.0333333 0.0388889 0.263157
0 0.0388021 0.335648 0.0505208 0.0712963 0.266014
0 0.653385 0.691204 0.0411458 0.0675926 0.267964
0 0.627865 0.822685 0.0255208 0.0324074 0.275478
0 0.578646 0.850926 0.0229167 0.0351852 0.282408
0 0.564844 0.625 0.0338542 0.05 0.282533
0 0.682292 0.872222 0.04375 0.0481481 0.288265
0 0.771615 0.886574 0.0255208 0.0342593 0.291042
0 0.897656 0.731944 0.0348958 0.0398148 0.317984
0 0.546875 0.663889 0.0416667 0.0759259 0.323305
0 0.821354 0.923611 0.0354167 0.037963 0.323811
0 0.653646 0.461574 0.0239583 0.0453704 0.332367
0 0.470313 0.714352 0.0302083 0.0342593 0.339538
0 0.235677 0.84537 0.278646 0.292593 0.341998
0 0.596354 0.788426 0.0229167 0.0472222 0.350027
0 0.53776 0.686111 0.0328125 0.0611111 0.3593
0 0.638021 0.980556 0.0270833 0.0314815 0.359428
0 0.779948 0.665741 0.0255208 0.0388889 0.369468
0 0.364583 0.642593 0.0604167 0.0518519 0.384762
0 0.545833 0.793056 0.021875 0.037963 0.411181
0 0.691146 0.874074 0.025 0.0333333 0.426997
0 0.640885 0.475 0.0390625 0.0537037 0.430168
0 0.232552 0.213426 0.0359375 0.0712963 0.437565
0 0.703125 0.674537 0.0291667 0.0361111 0.46981
0 0.489844 0.761574 0.0276042 0.0416667 0.480125
0 0.134896 0.309722 0.04375 0.0675926 0.483247
0 0.58151 0.757407 0.0255208 0.0277778 0.488778
0 0.6375 0.694907 0.0489583 0.0583333 0.492705
0 0.558073 0.640278 0.0338542 0.0768519 0.494405
0 0.754167 0.982407 0.0375 0.0351852 0.495771
0 0.278125 0.464815 0.0479167 0.0592593 0.502584
0 0.598437 0.636111 0.034375 0.0425926 0.522984
0 0.382292 0.248148 0.0416667 0.0722222 0.528889
0 0.807552 0.636111 0.0255208 0.0407407 0.54835
0 0.720573 0.515741 0.0328125 0.0555556 0.56302
0 0.68776 0.166667 0.0442708 0.0685185 0.612118
0 0.729688 0.385185 0.034375 0.0518519 0.617682
0 0.447135 0.390278 0.0442708 0.0694444 0.629084
