0 0.552083 0.485185 0.0302083 0.0407407 0.250372
0 0.427083 0.699537 0.0572917 0.062037 0.264822
0 0.677083 0.685648 0.046875 0.0564815 0.270478
0 0.538281 0.272222 0.0286458 0.0444444 0.274613
0 0.459635 0.696296 0.0276042 0.0592593 0.285911
0 0.707292 0.690741 0.04375 0.0537037 0.297173
0 0.657292 0.505556 0.0302083 0.0296296 0.299261
0 0.526042 0.305556 0.0354167 0.0759259 0.3015
0 0.628906 0.109722 0.0286458 0.0527778 0.301806
0 0.558333 0.414815 0.0302083 0.0518519 0.302749
0 0.739062 0.518981 0.0166667 0.0268519 0.303575
0 0.595573 0.336111 0.0317708 0.0444444 0.316382
0 0.354688 0.0990741 0.0260417 0.0351852 0.329019
0 0.864062 0.368519 0.0375 0.0462963 0.335122
0 0.446615 0.359722 0.0380208 0.0361111 0.339507
0 0.582552 0.476852 0.0234375 0.0481481 0.343726
0 0.597396 0.889815 0.025 0.0388889 0.344418
0 0.768229 0.1125 0.0416667 0.0398148 0.346304
0 0.723177 0.412963 0.0359375 0.0444444 0.347756
0 0.567448 0.421759 0.0286458 0.0416667 0.356006
0 0.78776 0.548611 0.0328125 0.0361111 0.356785
0 0.609635 0.605093 0.0338542 0.0435185 0.428434
0 0.463802 0.405093 0.0317708 0.0527778 0.450061
0 0.742708 0.307407 0.0333333 0.0388889 0.452604
0 0.717969 0.916667 0.0192708 0.0425926 0.454266
0 0.614844 0.12037 0.0411458 0.05 0.455344
0 0.257552 0.118519 0.0390625 0.0611111 0.45773
0 0.717708 0.691204 0.0333333 0.037963 0.459223
0 0.608854 0.83287 0.0291667 0.0527778 0.471758
0 0.354167 0.275463 0.05 0.0509259 0.481313
0 0.617188 0.326852 0.0291667 0.0555556 0.483292
0 0.531771 0.286574 0.0333333 0.062037 0.48853
0 0.520833 0.436111 0.0229167 0.0314815 0.494759
0 0.557552 0.398148 0.0317708 0.0296296 0.497012
0 0.571615 0.281019 0.0359375 0.0361111 0.510797
0 0.776302 0.277315 0.0182292 0.0324074 0.529546
0 0.723437 0.606019 0.0395833 0.037963 0.537946
0 0.691406 0.1625 0.0244792 0.0472222 0.557484
0 0.673437 0.318056 0.0322917 0.0416667 0.576457
0 0.421354 0.0425926 0.040625 0.0685185 0.634892
0 0.694271 0.0407407 0.0385417 0.0574074 0.650209
