0 0.55625 0.79213 0.0427083 0.112037 0.264847
0 0.247656 0.912963 0.261979 0.161111 0.277774
0 0.63776 0.818519 0.0348958 0.0555556 0.290171
0 0.593229 0.968982 0.0260417 0.0398148 0.29101
0 0.346354 0.77963 0.04375 0.0462963 0.292602
0 0.164844 0.513889 0.0276042 0.0425926 0.301613
0 0.277865 0.644444 0.0234375 0.0296296 0.34825
0 0.665625 0.574537 0.025 0.0453704 0.364407
0 0.908854 0.84537 0.0385417 0.0462963 0.370798
0 0.388802 0.555093 0.0296875 0.0509259 0.387211
0 0.788542 0.785185 0.0270833 0.0351852 0.387549
0 0.717448 0.444444 0.0473958 0.0388889 0.40011
0 0.570833 0.756944 0.034375 0.0564815 0.43343
0 0.546875 0.802778 0.03125 0.0740741 0.437858
0 0.611979 0.908333 0.0270833 0.0351852 0.445352
0 0.284635 0.586111 0.0390625 0.0574074 0.457315
0 0.605469 0.752315 0.0328125 0.0416667 0.462483
0 0.591406 0.881019 0.0328125 0.0324074 0.468988
0 0.0442708 0.446759 0.046875 0.0712963 0.488009
0 0.555729 0.919907 0.025 0.0361111 0.506936
0 0.652604 0.593518 0.0458333 0.05 0.513454
0 0.497656 0.881481 0.0359375 0.0388889 0.522365
0 0.7375 0.49537 0.0364583 0.0518519 0.530219
0 0.821875 0.751389 0.021875 0.0435185 0.530518
0 0.714323 0.793981 0.0338542 0.0546296 0.53284
0 0.2375 0.325463 0.0416667 0.0638889 0.546451
0 0.697917 0.281019 0.0354167 0.0712963 0.56017
0 0.655208 0.810185 0.0354167 0.0574074 0.574907
0 0.141667 0.420833 0.040625 0.0657407 0.577511
0 0.453906 0.503241 0.0421875 0.0768519 0.583647
0 0.386719 0.35787 0.0442708 0.0657407 0.61612
0 0.733333 0.62963 0.0260417 0.0537037 0.63605
