0 0.581771 0.649537 0.0395833 0.0583333 0.254759
0 0.565365 0.126852 0.0234375 0.0333333 0.258298
0 0.549219 0.399074 0.0276042 0.037037 0.275493
0 0.536458 0.0615741 0.0260417 0.0398148 0.315704
0 0.582552 0.259722 0.0276042 0.0546296 0.325422
0 0.666406 0.468981 0.0380208 0.037963 0.327261
0 0.518229 0.214815 0.0208333 0.0333333 0.333686
0 0.717708 0.205093 0.028125 0.0342593 0.342464
0 0.652083 0.29213 0.025 0.0324074 0.350597
0 0.588802 0.610648 0.0307292 0.0527778 0.353941
0 0.61901 0.1125 0.0286458 0.0509259 0.378076
0 0.452083 0.457407 0.0333333 0.0555556 0.39161
0 0.65599 0.468056 0.0411458 0.0546296 0.395625
0 0.598177 0.383333 0.0307292 0.0425926 0.3986
0 0.602083 0.124537 0.0260417 0.0472222 0.399463
0 0.54349 0.268056 0.0244792 0.0361111 0.399894
0 0.703906 0.478241 0.0317708 0.0342593 0.421147
0 0.502344 0.788889 0.0505208 0.0703704 0.430375
0 0.573438 0.0634259 0.0333333 0.037963 0.46543
0 0.535417 0.0662037 0.0385417 0.0601852 0.470286
0 0.644792 0.288426 0.0458333 0.0472222 0.475612
0 0.417188 0.452778 0.0416667 0.0648148 0.479301
0 0.554167 0.178241 0.03125 0.0287037 0.481569
0 0.697656 0.701389 0.0286458 0.0472222 0.482655
0 0.780729 0.347222 0.0416667 0.037037 0.48563
0 0.459896 0.173148 0.0302083 0.0407407 0.494307
0 0.744271 0.108333 0.0302083 0.037037 0.510498
0 0.778906 0.0837963 0.0182292 0.0416667 0.513771
0 0.71276 0.4 0.0286458 0.0425926 0.515356
0 0.859635 0.177315 0.0359375 0.0509259 0.524274
0 0.363021 0.0328704 0.0458333 0.0546296 0.5254
0 0.609115 0.769907 0.0265625 0.0546296 0.525934
0 0.451562 0.12963 0.0322917 0.0407407 0.539027
0 0.58125 0.657407 0.0229167 0.0481481 0.539944
0 0.675 0.111111 0.0270833 0.0444444 0.542033
0 0.656771 0.779167 0.0416667 0.0953704 0.579202
